151
15
11
555555555555555555555555555555555555555555555555555555555555555555550005555555555555550000555555555555555555555555555555555555555555555555555555555555
555555555555555555555555555555555555555555555555555555555555555555550005555555555555550000555555555555555555555555555555555555555555555555555555555555
000000000000000000000000000088000000008800000088000000000880000000000000000000000000000000000000000000000000000000000000000000000000000333333330000070
001000000000000000000000000088000000008800000088000000000880000000000000000000000000000000000000000000000000000000000000000000000000000033333330000070
002000000000000000000000000000000000008800000088000000000880000000000000000000000000000000000000000000000000000000000000000000000000000003333330000070
003000000000000010006261600000000000008800000088000000000880000000000000000006260000000000000001000006600006006006000006000000000066000000333330000070
004000000000000000000000000000000000000000000088000000000880000000000000000000000000000000000000000000000000000000000000000000000000000000033330000070 
005000000000000000000000000000000000000000000000000000000000000030000000000000000000000000000000000000000000000000000000000000000000000000003330000070
006000000000000000000000000000000000000000000000000000000000000000000000000000000000000000000000000000000000000000000000000000000000000000000330000070
007000000000000000000010000000000000000000000000000000000000000000000000000000006666666600066661000000000000000000000000006660000666600000000030000070
008000000000000000000000000000000000000000000000000000000000000000000000000000000000000000000000000000000000000000000000000000000000000000000000000070
009000000000000000000000000000000000000000000000000000000000000000000000000000000000000000000000000000000000000000000000000000000000000000000000000070
000000000000000000000000000000000000000000000000000000000000000000000000000000000000000000000000000000000000000000000000000000000000000000000000000070
000000000000000000000000000000000000000000000000000000000000000000000000000000000000000000000000000000000000000000000000000000000000000000000000000070
000000000000000000000000000000000000000000000000000000000000000000000000000000000000000000000000000000000000000000000000000000000000000000000000000770
000000000000000000000000000000000000000000000000000000000000000000000000000000000000000000000000000000000000000000000000000000000000000000000000000000

