151
15
11
555555555555555555555555555555555555555555555555555555555555555555550005555555555555550000555555555555555555555555555555555555555555555555555555555555
555555555555555555555555555555555555555555555555555555555555555555550005555555555555550000555555555555555555555555555555555555555555555555555555555555
500000000000000000000000000077000000007700000077000000000000000000000000000000000000000000000000000000000000000000000000000000000000000333333330000075
500000000000000000000000000077000000007700000077000000000000000000000000000000000000000000000000000000000000000000000000000000000000000033333330000075
500000000000000000000000000000000000007700000077000000000000000000000000000000000000000000000000000000000000000000000000000000000000000003333330000075
500000000000000010006261600000000000007700000077000000000000000000000000000006260000000000000001000006600006006006000006000000000066000000333330000075
500000000000000000000000000000000000000000000077000000000000050000000000000000000000000000000000000000000000000000000000000000000000000000033330000075 
500000000000000000000000000555555000000000000000000000000005005030000000000000000000000000000000000000000000000000000000000000000000000000003330000075
500000000000000000000000000000000000055000000000000055555000000000000000000000000000000000000000000000000000000000000000000000000000000000000330000075
500000000000000000000010000000000000000055000000000000000000050000000000000000006666666600066661000000000000000000000000006660000666600000000030000075
500000000000000000000000000000000000000000550000055555000000000000000000000000000000000000000000000000000000000000000000000000000000000000000000000075
509000000000000000000000000000000000000000000000000000000000000000000000000000000000000000000000000000000000000000000000000000000000000000000000000075
500000000000000000000000000000000000000000000000000000000000000000000000000000000000000000000000000000000000000000000000000000000000000000000000000075
500000000000000000000000000000000000000000000000000000000000000000000000000000000000000000000000000000000000000000000000000000000000000000000000000775
500000000000000000000000000000000000000000000000000000000000000000000000000000000000000000000000000000000000000000000000000000000000000000000000000005